0
413
859
1337
1847
2389
2962
3568
4204
4870
5565
6288
7038
7814
8613
9435
10277
11138
12015
12906
13809
14721
15640
16563
17487
18409
19327
20237
21136
22023
22892
23742
24570
25372
26146
26889
27598
28271
28905
29497
30046
30549
31005
31411
31767
32070
32320
32515
32655
32739
32767
32739
32655
32515
32320
32070
31767
31411
31005
30549
30046
29497
28905
28271
27598
26889
26146
25372
24570
23742
22892
22023
21136
20237
19327
18409
17487
16563
15640
14721
13809
12906
12015
11138
10277
9435
8613
7814
7038
6288
5565
4870
4204
3568
2962
2389
1847
1337
859
413
0