0.0166
0.0196
0.0230
0.0270
0.0315
0.0367
0.0425
0.0492
0.0567
0.0651
0.0745
0.0850
0.0966
0.1094
0.1235
0.1389
0.1558
0.1740
0.1938
0.2151
0.2379
0.2622
0.2880
0.3153
0.3440
0.3740
0.4052
0.4376
0.4710
0.5051
0.5399
0.5751
0.6105
0.6459
0.6810
0.7156
0.7493
0.7820
0.8133
0.8430
0.8708
0.8965
0.9197
0.9404
0.9582
0.9731
0.9848
0.9932
0.9983
1.0000
0.9983
0.9932
0.9848
0.9731
0.9582
0.9404
0.9197
0.8965
0.8708
0.8430
0.8133
0.7820
0.7493
0.7156
0.6810
0.6459
0.6105
0.5751
0.5399
0.5051
0.4710
0.4376
0.4052
0.3740
0.3440
0.3153
0.2880
0.2622
0.2379
0.2151
0.1938
0.1740
0.1558
0.1389
0.1235
0.1094
0.0966
0.0850
0.0745
0.0651
0.0567
0.0492
0.0425
0.0367
0.0315
0.0270
0.0230
0.0196
0.0166
0.0140