0
411
841
1274
1694
2084
2427
2705
2903
3005
3001
2881
2641
2277
1795
1201
509
-266
-1101
-1970
-2845
-3693
-4481
-5174
-5737
-6136
-6341
-6322
-6056
-5525
-4716
-3624
-2251
-606
1294
3424
5752
8240
10845
13517
16205
18855
21411
23819
26027
27987
29654
30993
31971
32567
32767
32567
31971
30993
29654
27987
26027
23819
21411
18855
16205
13517
10845
8240
5752
3424
1294
-606
-2251
-3624
-4716
-5525
-6056
-6322
-6341
-6136
-5737
-5174
-4481
-3693
-2845
-1970
-1101
-266
509
1201
1795
2277
2641
2881
3001
3005
2903
2705
2427
2084
1694
1274
841
411
0
